     30.47
     -6.23
      0.28
      0.28
      0.67
      0.06
      0.27
      0.02
      0.16
      0.31
      0.31
      3.45
      0.23
      0.16
     -0.01
      0.09
      0.06
      0.06
     -0.17
     -0.24
      6.29
     -0.22
     -0.07
     -0.31
     -0.32
      6.03
     -0.30
     -0.30
     -0.07
     -0.09
     -0.28
     -0.41
     -0.14
     -0.36
     -0.15
     -0.38
     -0.42
     -0.20
     -0.20
     -0.28
     -0.13
     -0.16
     -0.19
     -0.19
     -0.37
     -0.29
     -0.44
     -0.23
     -0.14
     -0.10
     -0.31
     -0.21
     -0.19
     -0.23
     -0.23
     -0.16
     -0.14
     -0.23
     -0.29
     -0.49
     -0.24
     -0.18
     -0.46
     -0.24
     -0.33
     -0.29
     -0.19
     -0.30
     -0.22
     -0.28
     -0.14
     -0.13
      0.10
     -0.04
      0.09
     -0.17
      0.17
     -0.04
     -0.04
     -0.06
     -0.19
     -0.10
     -0.20
     -0.40
     -0.28
     -0.41
     -0.43
     -0.09
     -0.18
     -0.13
     -0.12
     -0.15
      0.15
     -0.12
     -0.15
     -0.05
      0.08
     -0.04
      0.06
      0.07
     -0.43
     -0.25
     -0.08
      0.23
      0.04
     -0.19
      0.04
     -0.10
      0.08
     -0.22
     -0.27
     -0.47
     -0.37
     -0.22
     -0.26
     -0.15
     -0.28
     -0.21
     -0.18
      0.15
     -0.07
      0.08
     -0.04
     -0.36
     -0.16
     -0.11
     -0.22
     -0.13
     -0.07
     -0.16
     -0.23
     -0.12
      0.18
      0.25
     -0.10
      0.07
