     18.49
     -3.36
     -7.37
     -7.44
     -0.07
      0.08
      0.05
      0.17
      8.33
      0.03
     -0.01
     -0.03
      0.10
      0.07
      0.09
      0.03
      0.07
     -0.93
     -0.46
     -0.26
     -0.15
     -0.17
     -0.34
     -0.22
     -0.16
     -0.12
     -0.24
     -0.26
     -0.19
     -0.22
     -0.13
      6.66
     -0.16
     -0.21
     -0.85
     -7.60
     -0.31
     -0.16
     -0.22
     -0.34
     -0.16
     -0.41
      0.13
     -0.56
     -7.74
     -0.23
     -0.20
      0.25
      0.14
      0.22
      0.22
     -0.16
     -0.14
     -0.22
     -0.11
     -0.15
     -0.19
     -3.52
      0.11
     -0.13
      0.13
     -0.26
     -0.18
     -0.31
     -0.15
     -0.14
      0.13
      0.11
     -0.12
      0.16
      0.18
     -0.30
     -0.23
     -0.12
     -0.12
     -0.15
     -0.23
     -0.12
