     30.89
     -4.11
     -0.22
     -1.01
      1.56
      0.26
     -1.22
      0.03
     -1.18
      1.04
     -0.80
      4.86
      1.55
      0.64
     -1.63
      0.34
     -0.07
     -0.50
      2.94
     -0.59
      2.94
     -1.12
      0.56
     -0.36
      0.54
      0.64
     -0.62
     -0.57
      0.75
      0.73
      0.68
      0.50
     -3.17
      0.37
      0.65
     -0.42
      0.48
     -0.58
     -0.42
      0.78
      0.65
      0.70
     -0.67
      0.47
     -0.70
     -1.06
      0.76
      0.42
     -0.64
      0.39
     -0.45
      0.83
