     16.60
    118.70
      0.04
      0.06
      7.82
     -9.44
      0.09
     -0.07
      0.03
     -7.30
      0.06
      3.84
      0.16
      0.31
      1.22
      0.05
      0.05
    -15.97
      0.02
      0.00
      0.08
      0.08
      0.08
      1.46
     -3.28
     23.71
    -71.79
     -9.28
     -5.44
     -7.29
   -126.44
     -8.46
     -4.42
     -7.31
     -2.94
     17.02
      2.97
     -5.22
   -118.64
     -8.95
     -6.01
      0.59
     -7.08
      0.51
     -0.17
     -0.09
     -0.17
     -0.16
     -0.59
     -0.09
     -0.27
      0.32
      0.11
     -0.25
     -0.13
     -0.11
     -0.18
     -0.21
     -0.23
     -0.09
     -0.17
     -0.19
     -0.14
     -3.91
     -0.13
      0.13
     -0.18
     -3.00
      1.38
     -0.37
     -0.41
     -7.76
      0.14
     -0.20
     -0.12
     -0.23
     -0.09
      7.60
     -0.26
     -3.66
     -0.39
     -0.69
      9.47
     -0.15
     -0.28
     -0.14
     -0.16
     -0.32
     -0.37
     -0.11
      0.15
     -0.10
      0.10
     -0.09
     -0.24
     -0.25
      0.28
      0.65
      0.13
      0.51
      0.31
      0.17
      0.30
     -0.17
     -0.30
     -0.27
     -0.12
     -0.09
      0.15
     -0.11
     -0.23
     -0.20
     -0.37
      7.36
      0.66
     -0.11
      0.14
     -0.17
     -0.22
     -0.20
     -0.18
     -0.18
      0.20
     -0.13
     -0.12
     -0.27
     -0.72
     -0.30
      0.23
     -0.58
     -0.47
     -3.78
     -0.53
     -0.19
     -0.63
     -0.27
     -0.42
     -0.11
     -0.11
     -0.13
     -0.26
     -0.15
     -0.22
     -0.31
     -0.21
     -0.26
     -0.29
     -0.34
     -0.44
     -0.38
     -1.18
     -0.13
     -0.19
      0.15
     -0.35
     -0.14
     -0.28
      0.12
     -0.21
     -0.20
      0.21
     -0.13
     -0.23
     -0.13
