0.00
0.00
0.03
0.00
0.00
0.00
0.00
0.00
0.11
0.00
0.00
0.00
0.00
0.00
0.00
0.01
0.00
0.00
0.17
0.78
0.00
0.00
0.00
0.00
0.00
0.00
0.00
0.00
0.00
0.00
0.00
0.00
0.00
0.00
0.00
0.00
0.00
0.00
0.00
0.00
0.00
0.00
0.00
0.00
0.00
0.09
0.00
0.00
0.00
0.08
0.00
0.00
0.04
0.00
0.02
0.04
0.00
0.00
0.00
0.09
0.00
0.00
0.01
0.00
0.01
0.02
0.00
0.00
0.00
0.00
0.00
0.00
0.01
0.00
0.03
0.00
0.08
0.00
0.00
0.00
0.00
0.00
0.00
0.01
0.00
0.01
0.00
0.00
0.00
0.04
0.00
0.07
0.06
0.09
0.00
0.00
0.00
0.00
0.01
0.00
0.00
0.00
0.00
0.00
0.00
0.00
0.03
0.08
0.01
0.05
0.00
0.00
0.00
0.00
0.00
0.05
0.01
0.00
0.00
0.00
0.00
0.00
0.00
0.01
0.03
0.00
0.00
0.00
0.00
0.00
0.00
0.00
0.00
0.00
0.00
0.00
0.00
0.04
0.05
0.01
0.00
0.01
0.00
0.00
0.00
0.00
0.00
0.00
0.00
0.00
0.00
0.02
0.00
0.01
0.00
0.01
0.00
0.03
0.00
0.00
0.00
0.01
0.00
0.02
