   -154.78
     60.07
     13.99
   -128.51
   -155.77
   -233.89
    258.86
     50.73
    -98.69
     94.27
    155.64
     36.71
    229.83
    129.50
    118.74
     24.67
      1.60
     53.45
     46.67
    113.70
    112.12
      2.77
     18.95
     21.76
     40.54
    -14.60
    -55.27
   -107.59
    -93.62
    -13.82
    -38.21
    -22.64
    -44.61
    -94.11
    112.52
     68.83
   -103.07
     -5.38
     -7.22
     59.15
    -65.44
     -7.96
   -122.72
     45.58
     -3.97
     33.15
    152.82
     65.39
    108.33
    -49.32
    147.66
     28.46
     73.63
     43.98
    -73.26
    -17.10
     26.09
     16.26
   -106.99
    -76.57
     15.14
     60.22
    -47.75
      5.76
    137.28
    -61.42
    -27.43
    -39.19
    -20.62
     50.35
     38.51
     -5.89
     -4.07
     55.25
    108.26
     68.77
    -90.48
     21.26
     81.13
    -12.00
    -10.96
     76.63
     48.74
    -13.72
    -80.81
    -81.65
     62.09
     27.25
    124.52
    -20.78
     44.42
     35.59
     64.66
    -19.23
    -52.25
    -64.15
     30.24
    -52.17
    -44.27
      9.98
    -94.56
    -26.84
    -22.57
      6.73
    -10.03
     20.86
   -136.50
     70.82
    -47.57
    -78.89
    -27.55
    -24.88
     54.25
    -74.56
    104.67
   -109.60
     92.74
     23.05
   -112.06
    -74.29
     85.10
    -18.96
    -91.48
    125.00
    -96.83
    -98.61
   -124.23
    172.11
    -15.04
      3.75
    124.60
     18.11
    -29.63
   -161.72
    -79.18
     66.79
   -163.45
    139.32
    -11.48
    -14.93
    -29.48
   -103.67
    -51.16
     84.15
    -61.82
    -94.19
    -94.99
     12.47
    -59.41
     20.35
    -87.55
   -105.47
     79.68
     74.61
    -14.16
     78.60
    -80.09
    146.47
     31.79
     39.34
     36.26
     89.56
     43.22
    -77.27
    -37.09
     12.37
    -16.96
    -24.16
     -3.66
   -131.77
     19.77
    -38.41
   -117.67
     53.49
   -104.77
    -46.45
    -12.83
    -68.06
    -39.12
     -8.19
     62.80
    -31.00
    -58.40
     -7.78
    -62.56
     99.26
   -118.72
     15.90
     31.71
     27.06
     26.09
     81.26
    -81.66
   -131.41
