     26.31
      0.37
      0.11
     -5.64
      0.88
      5.44
     -0.35
      6.50
     -0.05
     -0.08
      2.34
     10.88
     -0.15
      0.17
     -0.55
      4.03
      9.96
      2.95
     -3.86
     -7.82
      9.94
     -1.90
      1.47
     -2.83
     -6.66
      0.98
      3.93
     -5.13
      0.97
     -0.51
     -1.96
     -0.85
     -4.89
     -9.06
     -0.76
      8.49
     -2.81
     -9.14
      3.07
     -1.33
     -1.59
     -1.96
     -2.21
      1.42
      3.82
      2.50
      3.70
     -9.22
