     30.51
     -6.27
      0.35
      0.27
      0.58
      0.04
      0.20
     -0.05
      0.20
      0.27
      0.15
      3.41
      0.26
      0.16
     -0.01
      0.04
      0.02
      0.03
     -0.19
     -0.30
      6.40
     -0.11
     -0.06
     -0.24
     -0.19
     -0.17
      6.08
     -0.36
     -0.27
     -0.15
     -0.05
     -0.28
     -0.45
     -0.20
     -0.48
     -0.15
     -0.53
      0.05
     -0.35
     -0.20
     -0.37
     -0.35
     -0.22
     -0.35
     -0.20
     -0.34
     -0.21
     -0.30
     -0.40
     -0.21
     -0.16
     -0.12
     -0.14
     -0.21
     -0.42
     -0.32
     -0.29
     -0.14
     -0.20
     -0.32
     -0.22
     -0.36
      0.10
     -0.13
     -0.31
     -0.33
     -0.24
     -0.13
     -0.11
     -0.21
     -0.24
     -0.08
      0.08
      0.07
      0.10
      0.19
     -0.28
      0.18
     -0.11
     -0.09
     -0.20
     -0.09
     -0.17
     -0.18
     -0.18
     -0.46
     -0.40
     -0.10
     -0.14
     -0.09
     -0.21
      0.14
      0.13
      0.06
     -0.27
     -0.06
      0.21
      0.06
      0.10
     -0.44
     -0.14
     -0.37
     -0.16
      0.19
     -0.26
      0.21
      0.10
     -0.08
      0.19
     -0.15
     -0.09
     -0.37
     -0.26
     -0.24
     -0.21
     -0.17
     -0.22
     -0.21
      0.14
      0.07
      0.11
     -0.10
     -0.51
     -0.18
     -0.19
     -0.24
     -0.20
     -0.11
     -0.20
     -0.25
     -0.10
      0.25
      0.31
     -0.07
     -0.04
      0.05
      0.10
