   -208.99
     -2.42
     74.69
     30.01
     40.12
   -168.59
     50.83
    261.41
     -6.82
    211.55
    211.79
    -81.73
    -68.79
   -120.00
    219.52
   -198.93
     85.22
    191.40
    -97.94
     29.74
      9.92
    144.23
    -80.69
      9.40
   -368.42
      0.81
     27.68
    353.40
    256.68
    124.02
    -48.54
    175.44
    -39.51
   -310.19
    -89.67
   -114.38
     60.08
    -20.94
    135.99
   -157.19
    -98.97
   -202.23
     46.90
      9.89
     93.10
    139.74
   -172.68
   -185.76
     -1.43
