      1.57
     -0.00
      0.00
     -0.00
      0.00
     -0.00
     16.97
     -0.00
      0.00
      0.00
      0.00
      0.00
     -0.00
      0.00
      0.00
     -0.00
     -0.00
     -0.00
     -0.00
      0.00
     -3.56
      0.00
      0.00
     -0.00
     -0.00
     -0.00
      0.00
     -0.00
     -7.51
      0.00
      0.00
     -0.00
     -0.00
     -0.00
      0.00
      0.00
     -0.00
      0.00
     -0.00
      0.00
     -7.64
      0.00
      0.00
      0.00
      0.00
     -0.00
      0.00
      0.00
      0.00
     -0.00
     -0.00
     -0.00
     -0.00
     -0.00
     -0.00
     -0.00
     -0.00
     -0.01
      0.00
      0.00
      0.00
      0.00
     -0.00
      0.00
      0.19
      8.29
     -0.37
     -0.02
     -0.14
     -0.00
      0.03
      0.00
     -0.12
      0.00
      0.00
     -0.00
      0.00
     -0.00
     -0.00
      0.00
     -0.00
     -0.00
      0.00
      0.00
      0.00
     -0.00
     -0.00
      0.00
     -0.00
     -0.00
      0.00
      0.00
     -0.00
     -0.00
     -0.00
      0.00
     -0.00
      0.00
     -0.00
