     21.87
     -4.72
    -10.63
     -9.82
     -1.95
     -0.49
      0.15
      0.15
      5.72
      0.38
     -1.26
     -0.55
     -0.16
     -0.47
      0.14
     -0.62
     -1.07
      0.63
     -1.03
      1.21
      2.15
     -0.55
      0.65
     11.07
     -4.12
      0.54
      0.45
     -1.67
     -4.66
      0.68
      0.81
     -0.44
      1.06
      0.59
      0.72
      0.50
      0.93
      0.90
     -0.90
      0.86
     -0.59
     -3.63
     -0.54
     -0.61
     -0.71
     -0.45
      0.63
      0.63
      0.57
      0.55
      0.57
      1.35
      0.45
     -0.70
     -0.50
