    -40.78
     -4.91
     -4.72
     18.94
     49.99
     29.05
     23.98
     44.19
     14.91
     20.32
    -19.73
     -6.11
     25.33
    -16.79
     17.44
     24.29
     20.06
    -13.00
    -14.33
    -18.19
     15.82
     -7.15
     -2.96
     -1.95
    -12.10
     -4.43
     18.50
    -26.46
     -8.06
    -19.39
    -41.45
      2.65
    -11.74
     14.40
    -14.85
    -18.04
    -23.06
     -4.38
      7.80
      5.62
     -4.12
    -11.52
     -7.45
     -9.57
    -16.12
     17.98
     -6.05
     14.44
